OLIST CUSTOMER DROP-OFF PREDICTION MODEL
======================================================================

model_type: Logistic Regression
pr_auc: 0.03932939874185605
f1_score: 0.12477590534241664
precision: 0.06929510155316607
recall: 0.6258992805755396
minority_recall: 0.626
training_date: 2026-04-06
training_samples: 22416
test_samples: 5604
features: 33
class_distribution: 95% dropped, 5% retained
